Error1 and 2
[6.88150636 7.30097104] 1.9533
[8.44801784 0.9757848 ] 1.9527
[6.88074582 7.26562857] 1.9435
[0.96200119 5.34581189] 1.9354
[0.60732157 7.18749859] 1.9293
[8.4753637  1.00131321] 1.9195
[8.45338924 0.93984968] 1.9192
[3.7391422 7.2373621] 1.9109
[0.9519463 5.3531388] 1.9136
[7.23497389 5.42532562] 1.8942
[0.95978666 5.37674854] 1.9563
[2.53017797 5.37638141] 1.9338
[0.59719751 0.94510593] 1.9194
[3.75572013 7.17740824] 1.905
[3.74786818 7.17649141] 1.8716
[2.55038922 5.30610791] 1.8487
[5.31040196 7.2318281 ] 1.8341
[6.87669569 7.16019152] 1.8177
[8.81799214 5.301521  ] 1.8131
[6.87800735 7.28412965] 1.795

Error3 and 4
[2.18274762 0.92572224] 1.9101
[5.67187895 5.30440322] 1.8947
[8.44837611 7.20267624] 1.8904
[6.89080333 0.83632129] 1.8763
[4.09665233 5.41756936] 1.8836
[0.96284535 5.37132801] 1.8749
[2.1688149  0.93148971] 1.8638
[3.75802233 7.23794176] 1.8554
[5.32165098 7.31086306] 1.8511
[8.45878061 1.0213182 ] 1.8524
[7.23721031 5.34704563] 1.8492
[6.88869627 7.22890407] 1.7711
[0.97145598 5.25600059] 1.7609
[7.2331373  5.23580482] 1.7489
[0.62001448 7.20047779] 1.7384
[8.79802207 5.436704  ] 1.7183
[5.69616956 5.3512958 ] 1.714
[0.56717994 7.14021979] 1.6994
[3.73432955 1.04351328] 1.6914
[8.40957455 4.30398327] 1.6634
[8.83382501 5.39179047] 1.6682

Error5 and 6
[7.25677673 5.45173849] 1.9561
[2.5245329  5.33104106] 1.9547
[5.68247366 5.39466233] 1.9579
[2.17585539 7.26166418] 1.9568
[8.46250923 7.21263836] 1.9678
[0.59957696 7.23001366] 1.9538
[6.89313694 7.2324612 ] 1.9585
[3.75704843 0.85622378] 1.9609
[7.22495258 5.33063649] 1.9509
[7.24777981 5.33184082] 1.9552
[7.25577286 5.34877668] 1.9673
[6.8881651 7.1925267] 1.9792
[7.22608929 5.25327286] 1.9637
[2.18055765 0.95705035] 1.9716
[5.33537052 0.88542616] 1.9624
[3.73977692 7.22975859] 1.9642
[8.46505688 7.25555229] 1.9578
[2.1798474  7.19459138] 1.9599
[5.33478694 7.29811736] 1.9528
[0.61163764 7.1992105 ] 1.959

Error7
[6.24716984 7.83158301 8.57690236 3.1316971 ] 2.4312
[9.38044897 1.61637239 6.9794896  3.13611309] 2.4064
[7.81720014 1.62418613 2.25921401 3.14004957] 2.4017
[3.16430879 4.64980935 5.5845757  3.09498894] 2.3774
[3.16582643 4.76444446 7.1229485  3.14626681] 2.3545
[1.56880558 1.56193797 2.30557061 9.44361689] 2.3376
[9.37000062 1.68587119 6.94658695 9.2302414 ] 2.3207
[4.67521318 7.91391008 2.27499759 9.31243624] 2.3038
[7.84289024 7.86190341 6.98895884 9.38354697] 2.2985
[7.92117177 4.64613107 8.76650673 3.17588725] 2.2677
[3.11368361 1.64404502 3.82703468 9.37979315] 2.2524
[1.53703422 1.61715786 6.97781913 9.30908307] 2.2457
[4.7021651  1.57004594 2.30390034 3.07908107] 2.2257
[4.71545151 7.89312218 8.59606444 3.12450806] 2.2114
[1.55778293 7.9167883  5.43894091 9.41661783] 2.1979
[3.11988776 1.55141182 3.86432293 9.38426041] 2.1802
[9.39627719 1.58855932 6.96976395 3.19439305] 2.1575
[4.71788244 4.75128965 5.54541411 3.11610031] 2.1636
[6.30990789 4.70673773 3.98822785 9.17702779] 2.1429
[4.69799609 7.89402744 6.9745226  3.13065124] 2.1229
